Multiple size <= 100
TEST 1 ARG:89 75 45 51 25 43 44 9 82 16 15 46 99 24 53 86 66 95 96 35 97 39 32 30 19 21 90 27 26 92 59 70 98 13 91 50 20 8 69 33 57 74 56 28 29 41 1 38 79 78 55 10 31 34 0 64 88 72 49 42 81 23 62 37 67 14 60 68 83 85 12 76 47 7 6 58 48 3 80 18 94 36 87 71 5 73 17 52 2 4 61 77 22 54 65 11 40 63 84 93 
TEST 2 ARG:23 38 67 78 3 65 30 21 94 69 0 57 26 42 22 40 15 34 36 95 43 86 24 70 52 7 71 79 28 2 35 10 99 8 81 66 18 83 75 91 62 90 39 85 12 14 46 16 56 37 82 80 47 5 77 49 58 76 87 84 73 4 68 33 93 48 50 6 41 11 96 31 74 59 98 19 51 25 9 63 92 88 17 61 89 64 44 32 29 54 72 27 97 53 1 60 13 55 45 20 
TEST 3 ARG:11 48 52 58 66 7 68 77 60 92 25 79 50 39 45 63 17 15 9 49 54 16 61 8 93 74 6 20 24 27 5 84 94 99 71 4 35 37 64 33 81 91 12 10 55 30 18 29 85 53 87 34 62 26 19 73 36 70 72 38 89 83 23 80 13 90 46 78 75 28 98 96 43 44 76 14 67 82 47 59 40 42 41 2 3 0 51 31 69 21 95 88 86 97 32 57 22 56 1 65 
TEST 4 ARG:24 0 89 54 55 57 82 25 41 48 33 67 71 92 78 19 53 2 30 12 79 16 76 28 46 20 39 99 58 93 70 6 18 75 35 95 38 17 45 64 13 43 87 74 80 91 27 83 29 5 84 1 47 9 61 7 51 96 94 44 65 66 62 85 3 11 60 4 32 72 98 31 69 23 97 49 14 26 81 42 88 59 77 21 8 90 86 52 63 56 50 73 34 36 68 15 37 10 40 22 
TEST 5 ARG:8 2 81 11 92 3 28 76 77 37 83 72 91 36 98 22 73 7 89 69 59 56 74 67 23 95 31 43 75 88 80 68 35 47 85 20 54 53 64 17 19 15 65 58 0 13 96 9 42 66 24 50 99 21 60 33 97 87 51 40 61 90 48 26 16 27 55 57 18 63 84 30 12 46 79 32 62 5 94 1 93 41 25 34 14 52 6 45 44 78 49 70 38 86 82 39 29 4 10 71 
TEST 6 ARG:31 43 56 81 5 94 4 24 59 16 20 3 57 19 84 44 52 11 90 83 34 82 91 54 60 76 7 35 27 70 51 13 73 65 10 50 55 75 53 32 74 6 80 47 8 30 85 14 97 36 18 77 17 2 41 79 28 88 68 45 15 38 86 62 29 71 46 39 96 61 98 21 22 72 23 1 33 63 99 87 0 40 26 92 9 25 67 66 64 42 95 48 69 93 37 78 49 89 58 12 
TEST 7 ARG:11 85 5 57 29 15 89 63 76 12 75 51 82 40 34 55 58 7 38 23 3 4 36 35 48 96 24 61 80 67 62 9 90 86 60 71 64 99 8 41 50 43 37 16 53 92 44 17 20 22 91 30 49 95 54 98 93 84 27 6 59 73 70 79 81 26 69 31 97 66 46 32 28 83 72 19 0 78 2 25 42 1 74 18 52 65 94 56 87 13 21 88 77 14 47 33 68 45 10 39 
TEST 8 ARG:5 96 16 87 50 73 8 43 51 98 52 80 74 94 79 33 47 31 17 55 34 10 56 90 61 53 9 60 70 2 75 57 72 22 35 18 89 88 11 49 45 7 6 1 83 28 58 42 44 81 84 4 91 59 85 37 3 41 26 32 93 97 15 24 63 71 69 19 76 23 67 27 12 68 54 86 38 36 82 40 39 62 21 77 20 48 14 13 66 25 65 64 29 78 99 46 92 30 95 0 
TEST 9 ARG:84 19 94 53 17 46 14 95 5 49 99 56 72 7 16 50 23 97 18 45 73 22 8 69 62 38 31 15 34 55 58 12 41 11 39 61 27 79 74 21 87 82 51 83 91 30 65 33 81 9 32 76 37 3 4 29 24 66 64 59 26 6 90 85 70 77 0 54 42 68 63 67 1 44 48 92 86 57 80 43 13 25 2 75 47 28 78 40 89 35 60 71 96 52 88 93 36 20 10 98 
TEST 10 ARG:13 91 70 27 74 18 46 41 53 66 81 31 6 58 19 87 34 8 21 55 5 35 69 54 95 72 2 38 85 40 51 44 60 62 84 82 92 7 80 37 14 57 59 89 30 12 88 48 29 56 17 28 16 52 26 86 9 97 1 64 75 22 63 76 98 43 45 96 67 15 73 90 10 83 77 49 36 23 39 93 25 24 3 94 47 78 61 32 0 20 42 11 33 99 50 65 79 68 71 4 
TEST 11 ARG:69 11 99 45 93 60 23 74 48 68 88 56 30 15 96 13 89 91 47 59 61 26 87 78 24 29 71 53 42 97 19 95 75 34 41 8 16 62 33 1 57 10 58 31 49 4 52 55 36 3 7 65 81 79 35 25 14 5 44 98 76 54 9 38 82 92 86 22 43 27 73 17 39 63 12 77 20 70 18 50 85 0 84 46 94 64 72 40 21 32 37 90 80 51 2 67 66 28 6 83 
TEST 12 ARG:77 87 16 28 70 6 97 88 17 75 50 44 11 45 55 80 96 10 86 57 39 29 31 34 19 14 25 2 54 73 99 20 51 18 82 66 8 64 59 36 46 85 53 0 3 62 35 7 60 23 37 68 1 92 74 58 65 15 84 72 40 13 81 4 22 79 30 67 56 91 24 41 71 76 43 38 93 61 52 49 83 9 78 21 90 89 94 47 63 95 33 69 27 12 5 26 42 98 32 48 
TEST 13 ARG:21 88 90 70 19 50 47 71 2 32 24 61 18 39 56 73 7 38 84 66 14 77 33 36 86 15 53 97 94 52 9 5 95 29 3 55 60 12 35 6 62 22 99 27 45 49 93 98 28 13 82 85 16 51 65 74 43 67 64 40 44 59 75 79 41 0 10 78 54 96 80 92 11 8 91 34 26 42 30 37 58 76 81 57 46 89 69 20 83 23 63 4 72 17 1 87 31 25 48 68 
TEST 14 ARG:85 25 11 40 58 9 94 48 53 20 74 52 38 29 72 34 19 79 83 56 44 35 61 99 27 91 14 73 60 51 82 13 93 23 32 18 55 45 54 42 15 62 39 77 97 65 66 26 71 36 90 31 0 92 37 88 12 17 89 59 7 41 98 63 69 80 81 68 50 8 1 33 5 4 86 75 30 47 76 96 16 2 43 22 87 6 57 84 95 67 64 3 70 46 10 49 24 21 78 28 
